245966612621
245966679218
245966575245
245966224385
245966944225
245966144396
245966831690
245966766198
245966547819
245966465569
245966664207
245966134239
245966004045
245966820136
245966048505
245966786892
245966120810
245966676699
245966581161
245966404280
245966627819
245966913611
245966244763
245966159648
245966975806
245966126055
245966738455
245966194838
245966144224
245966434938
245966249938
245966946733
245966715591
245966914417
245966833103
245966663249
245966092049
245966434605
245966397816
245966070367

245966969092
245966475871
245966623714
245966348539
245966498497

245966811961
245966119734
245966614437
245966279139
245966313769
245966760595
245966598207
245966575159
245966104136
245966254392
245966896318
245966163834
245966127875
245966973685
245966636945
245966926420
245966609377
245966954213
245966039820
245966085978
245966072004
245966937549

245966885712
245966694819
245966470240
245966014093
245966967532
245966879275
245966697222
245966326769
245966759925

245966012504
245966496135
245966142375
245966404173
245966808213

245966157827
245966754215
245966480809
245966917122
245966719424
245966628033
245966796047

245966013194
245966461796
245966163700
245966240684
245966258884
245966531054
